-432
-425
-418
-411
-404
-400
-393
-385
-381
-375
-367
-360
-355
-349
-343
-336
-330
-326
-320
-314
-309
-302
-296
-291
-284
-279
-275
-269
-263
-259
-255
-251
-244
-239
-236
-231
-224
-220
-216
-212
-208
-201
-198
-195
-188
-183
-179
-173
-171
-166
-159
-156
-154
-149
-145
-142
-136
-132
-128
-125
-121
-116
-112
-110
-107
-100
-97
-95
-90
-86
-83
-80
-78
-75
-69
-67
-66
-63
-59
-55
-53
-51
-47
-41
-40
-39
-33
-28
-26
-25
-23
-19
-14
-12
-11
-7
-4
-3
-1
2
5
7
10
12
15
18
19
22
25
27
27
30
33
36
36
40
43
43
46
47
48
53
56
56
59
62
62
65
67
69
73
74
76
79
80
81
82
85
89
89
87
90
93
93
95
99
100
102
104
106
108
110
110
112
111
113
117
117
119
121
120
119
124
126
127
128
130
131
133
134
136
138
139
140
142
142
143
146
147
148
150
150
149
150
153
153
153
154
156
159
161
160
163
167
167
165
168
169
170
169
170
172
173
172
173
177
179
177
179
183
183
184
185
185
186
188
189
189
188
189
191
191
191
192
191
192
195
197
198
197
197
199
200
200
201
202
202
202
203
204
204
204
205
205
207
208
207
208
209
209
210
213
212
213
214
214
215
215
216
216
217
220
220
219
220
220
218
220
222
222
222
223
223
224
224
224
225
227
227
225
225
225
227
231
232
232
233
232
232
232
233
234
233
233
235
236
236
236
237
238
236
236
238
237
238
240
241
242
244
244
244
242
240
239
238
237
232
216
191
162
132
112
102
93
75
45
12
-16
-42
-60
-68
-74
-72
-64
-54
-39
-21
-6
2
6
9
15
20
16
3
-14
-26
-29
-28
-28
-30
-33
-39
-42
-37
-22
-3
19
44
78
110
128
136
138
138
140
147
163
188
212
226
230
227
221
212
205
212
224
234
237
241
245
250
250
246
241
236
231
221
204
181
166
165
171
185
201
206
204
201
196
195
204
218
224
227
231
237
244
249
250
250
250
249
246
244
239
231
220
210
202
200
203
203
193
172
150
139
134
125
121
124
122
114
98
75
55
47
43
36
32
48
76
97
102
94
79
67
64
72
85
92
87
83
87
99
114
122
119
104
95
102
115
119
115
116
122
128
133
138
143
144
142
143
150
162
168
173
180
182
177
167
160
157
154
145
131
120
125
140
153
159
163
171
177
175
174
182
196
206
212
214
215
217
216
208
190
169
159
155
153
155
157
154
153
163
175
181
177
164
156
170
191
203
207
210
209
201
179
146
110
80
64
74
115
170
213
239
251
252
253
255
257
258
256
253
246
238
222
201
182
174
179
189
199
202
199
187
162
133
114
102
99
111
125
126
126
144
172
193
204
207
204
197
188
184
185
185
180
171
163
157
155
156
156
155
156
168
190
213
237
257
262
255
250
255
265
271
272
269
268
270
274
280
285
281
270
252
236
236
250
262
266
258
251
246
242
236
221
197
178
169
163
159
162
162
151
143
145
157
179
199
210
217
222
228
234
235
239
251
265
280
288
292
295
298
297
294
291
291
293
297
299
301
299
299
297
292
284
272
267
273
279
285
289
289
286
278
268
256
242
226
210
201
202
206
213
217
219
217
212
206
203
201
201
200
199
199
202
206
214
219
217
206
193
190
195
200
210
223
231
228
225
224
225
227
227
223
217
213
213
219
222
214
203
198
195
193
198
209
221
232
241
252
261
263
260
259
265
271
277
277
273
271
280
297
306
305
295
276
254
249
257
262
262
269
287
306
314
310
295
280
285
305
320
329
334
340
345
347
346
345
345
345
346
346
347
347
347
347
345
344
343
341
334
324
314
309
309
312
316
321
324
325
324
318
307
291
273
261
254
256
266
276
284
286
283
274
260
248
237
228
218
207
198
190
184
181
178
174
168
164
162
160
153
149
150
149
142
137
149
172
187
189
180
166
159
165
172
171
160
144
132
128
132
145
155
157
155
148
135
114
94
95
116
130
134
133
119
97
99
135
175
201
214
216
209
201
193
183
162
134
114
106
99
97
99
102
109
121
133
137
134
125
111
99
97
101
110
126
142
148
148
148
152
156
159
161
171
188
208
226
234
232
222
204
170
127
96
87
91
102
116
129
142
155
163
164
160
152
145
135
128
122
118
111
106
102
101
99
98
113
155
205
242
263
272
273
268
257
255
265
277
288
293
294
292
288
284
284
285
281
279
283
286
287
284
276
257
230
222
244
268
278
279
276
271
261
243
224
208
191
174
159
144
127
115
117
131
150
174
197
208
206
200
204
231
258
270
272
269
267
266
263
257
250
239
223
206
198
197
195
197
212
230
246
266
281
289
285
261
215
147
73
4
-43
-57
-40
-3
42
86
125
155
182
204
220
231
237
235
228
222
218
213
207
199
187
178
178
188
201
213
226
243
256
265
273
284
291
294
297
302
303
299
290
278
267
258
252
246
241
234
227
222
221
220
220
220
221
220
220
227
241
249
243
224
200
185
190
210
235
253
263
270
275
276
274
273
274
272
265
256
254
257
262
267
268
265
259
256
257
263
273
279
277
270
261
259
268
279
285
285
285
284
276
258
228
207
205
212
217
222
226
225
225
226
224
222
221
217
204
177
130
86
73
79
101
144
190
223
252
275
288
294
294
287
280
274
273
277
278
267
241
212
189
172
159
154
178
220
253
272
280
281
278
275
271
266
261
263
270
273
278
285
291
294
297
298
301
299
298
294
283
265
251
243
237
230
224
223
227
231
226
212
197
192
200
213
225
230
227
219
207
191
177
166
156
147
138
136
154
180
193
199
207
219
234
255
275
286
289
291
295
296
295
297
298
295
286
273
261
250
237
221
205
199
203
210
217
220
227
238
240
237
239
243
238
232
240
262
276
275
270
265
263
269
271
265
255
261
280
293
298
294
280
266
256
252
256
261
260
253
244
233
221
216
219
221
218
212
206
202
201
200
199
196
188
177
167
162
168
191
210
214
206
192
170
156
174
210
240
258
267
267
257
235
209
197
190
183
179
190
213
230
243
253
258
261
263
260
254
250
252
259
268
271
266
258
255
258
261
259
248
238
240
250
256
254
245
236
232
231
231
232
234
235
239
245
253
256
250
225
188
159
148
151
157
170
200
237
265
284
299
308
306
295
286
280
274
268
262
258
254
246
242
244
249
252
255
258
259
258
265
283
304
314
316
312
308
306
308
308
301
285
272
269
272
276
281
284
273
245
204
171
162
174
206
244
266
269
266
266
276
294
308
314
319
328
340
347
343
330
312
289
263
251
253
258
273
298
325
342
348
351
351
349
347
348
349
348
346
341
332
313
273
207
139
109
118
136
151
161
159
142
117
98
93
96
96
91
81
72
66
66
75
87
95
97
96
93
82
62
45
47
68
91
110
135
159
172
179
184
186
182
173
160
144
125
106
86
67
51
43
37
30
27
29
33
39
46
58
65
66
66
62
49
36
30
32
40
56
73
81
81
80
81
84
85
87
97
111
128
144
152
156
161
159
150
138
133
142
157
172
186
199
207
210
210
208
204
193
184
182
179
165
129
84
60
75
120
175
223
256
275
284
288
287
277
255
225
206
199
198
204
216
223
224
221
217
217
226
237
244
245
241
238
237
239
235
223
209
206
215
234
253
262
257
231
188
155
143
130
114
112
127
152
179
203
226
244
252
254
253
253
257
262
271
276
278
279
281
287
291
288
274
252
248
261
275
279
277
268
252
237
226
217
214
220
230
233
228
216
190
155
108
42
-28
-83
-111
-119
-116
-100
-73
-34
4
46
90
118
133
155
186
204
207
195
174
172
191
207
213
200
163
121
102
106
126
156
182
190
186
183
191
202
207
208
206
204
201
197
195
195
197
202
204
205
206
210
215
220
220
220
223
232
241
248
248
239
225
209
200
200
199
190
181
185
199
212
220
221
219
232
258
277
286
290
290
286
276
253
205
136
71
36
45
91
151
205
238
251
248
230
203
183
180
186
195
203
210
214
210
203
186
167
149
138
142
170
214
245
257
249
230
220
233
249
255
252
249
250
251
249
252
260
266
258
246
253
274
287
290
291
294
298
301
301
296
276
238
198
175
165
167
184
204
216
214
202
196
204
214
215
204
186
172
175
192
209
215
210
203
196
179
143
94
61
48
48
58
74
91
104
110
104
100
110
138
173
200
213
221
230
231
226
221
218
223
240
261
280
293
299
303
305
306
306
303
295
286
273
259
248
241
231
214
202
199
195
189
184
183
189
197
202
209
210
205
200
193
192
195
197
204
223
240
243
235
216
189
174
187
209
226
233
233
225
213
208
221
241
253
258
257
257
263
272
278
285
289
289
288
290
295
298
305
312
316
321
325
328
328
323
314
306
297
291
291
298
306
310
311
308
298
277
241
187
119
62
33
24
23
27
37
43
48
57
68
80
92
107
124
138
148
151
146
136
134
143
150
154
156
155
154
161
179
207
230
242
249
249
243
230
205
178
155
136
114
84
53
31
26
37
54
63
65
61
61
66
75
81
82
76
62
38
-3
-45
-59
-45
-21
15
61
104
142
168
183
189
187
182
173
156
126
100
107
131
150
163
169
168
156
135
104
69
46
39
43
49
50
46
42
41
42
46
57
74
87
98
107
109
98
76
61
77
110
136
155
165
166
172
188
198
201
198
185
166
144
126
112
97
82
72
63
57
56
62
69
76
82
85
84
81
75
67
61
59
60
68
86
106
118
124
121
120
120
120
125
137
153
171
192
213
227
237
243
245
241
234
225
218
208
192
180
188
210
222
222
209
186
164
152
154
169
185
197
206
214
218
221
223
226
225
223
222
224
228
234
238
240
242
254
269
278
284
285
284
284
286
289
291
294
296
293
290
285
277
265
252
243
246
259
273
281
286
289
289
289
287
284
277
275
278
279
278
277
269
237
172
94
38
12
-1
-16
-26
-29
-36
-40
-15
39
99
159
213
246
265
272
277
281
281
278
277
277
279
281
284
281
275
267
258
249
231
199
155
96
32
-9
-26
-32
-23
5
41
65
85
117
157
188
204
213
218
221
218
204
188
186
190
184
164
134
115
113
127
151
183
219
243
256
260
261
260
262
265
263
261
260
260
261
260
256
245
218
170
122
93
82
80
81
96
135
178
206
222
230
237
246
253
256
260
262
261
257
254
254
255
252
239
221
215
223
231
233
226
210
197
200
208
209
192
156
134
148
178
200
209
214
215
212
205
193
171
142
120
107
94
84
90
114
143
168
183
184
178
172
180
191
198
196
184
167
152
137
127
117
112
116
132
145
147
142
136
131
127
124
117
104
90
74
59
54
63
79
85
82
86
97
106
116
131
145
153
152
145
134
124
119
118
113
107
103
100
92
83
86
115
155
183
193
190
175
162
167
185
197
198
196
193
192
193
193
193
186
171
154
138
131
138
154
169
178
182
184
188
192
191
181
159
131
108
85
58
26
5
4
15
26
31
31
24
14
27
61
95
121
137
143
143
143
147
155
165
166
160
150
150
154
156
153
145
131
119
116
126
150
175
189
187
182
189
213
232
239
239
231
214
190
184
196
208
216
222
231
242
252
255
255
252
248
241
232
218
204
193
195
208
218
222
225
226
224
221
219
220
221
220
214
204
196
191
187
188
192
197
200
206
216
226
235
239
241
241
241
241
241
238
234
226
214
195
173
153
129
109
103
109
117
125
133
143
154
162
168
177
187
197
200
199
190
180
174
177
181
183
184
188
195
201
202
197
198
208
223
236
239
232
218
208
209
218
226
233
238
243
249
250
244
234
223
212
195
179
183
196
202
202
201
199
195
188
184
183
183
178
168
164
163
168
188
215
231
235
236
236
234
233
234
232
227
230
239
245
245
235
221
205
189
175
169
165
160
152
144
139
144
151
151
138
118
102
91
83
81
85
96
115
132
140
134
119
112
119
131
147
161
172
186
201
216
231
243
255
266
273
277
278
279
280
283
285
286
279
269
261
267
280
290
290
285
279
274
268
258
250
245
244
245
251
262
278
290
295
296
295
296
301
306
310
309
307
303
299
298
303
311
315
313
309
308
310
314
316
315
312
307
305
305
306
307
307
307
306
306
307
308
309
310
311
311
313
318
320
319
314
310
309
309
308
307
299
285
272
275
284
292
301
303
299
295
293
290
288
284
275
263
241
213
192
182
170
152
132
117
99
86
101
135
165
183
197
214
231
243
250
243
227
216
218
224
231
236
236
231
227
226
219
204
189
191
206
215
215
213
210
209
210
210
208
204
201
199
198
197
199
202
202
203
206
210
213
206
196
190
197
210
218
214
205
198
188
174
168
177
181
177
171
168
165
161
159
162
167
171
168
157
147
147
153
147
129
118
126
148
178
203
219
225
231
233
231
222
205
186
169
155
142
130
125
121
109
85
67
75
95
104
101
98
115
152
189
220
237
242
243
242
239
231
212
189
178
178
181
178
173
184
210
234
243
248
248
246
246
245
241
236
233
233
233
232
230
226
224
224
224
223
222
219
213
205
197
190
189
192
193
190
188
188
189
189
188
187
187
188
189
186
181
177
170
157
132
107
103
120
136
146
156
167
174
179
183
185
188
192
199
205
212
217
218
214
209
215
225
233
235
233
225
205
173
143
122
111
103
100
108
130
163
195
215
223
225
221
214
213
218
218
208
185
161
153
164
179
188
187
177
157
137
125
120
118
117
114
107
98
91
87
86
84
83
90
99
109
114
114
109
93
72
59
60
63
55
24
-34
-108
-169
-209
-234
-254
-266
-266
-238
-180
-113
-46
13
60
84
93
91
83
69
48
25
11
13
24
48
78
98
112
125
136
147
153
156
162
166
166
163
165
182
205
216
218
216
212
207
202
198
195
190
196
210
220
222
224
230
234
235
232
228
225
223
221
217
208
201
197
197
199
202
205
205
200
193
185
175
167
172
187
195
197
200
203
204
201
198
196
190
184
184
197
209
217
221
224
226
227
227
228
232
234
234
232
224
210
197
195
208
221
226
228
228
223
216
205
186
166
161
169
182
191
196
196
204
220
233
239
241
241
241
242
243
242
240
236
235
236
235
232
233
237
239
238
234
228
220
212
200
192
188
183
175
173
177
177
174
173
179
189
196
196
188
175
166
165
175
188
197
200
202
199
189
173
153
139
133
130
126
125
127
132
136
144
157
168
175
180
179
170
163
164
173
180
179
174
167
164
173
188
196
201
213
225
232
233
226
212
189
175
170
170
169
163
154
160
182
207
226
236
238
239
240
240
236
225
213
198
184
188
210
225
230
230
228
226
224
226
227
226
223
216
208
206
208
212
213
212
209
206
206
208
210
212
212
212
212
213
214
217
221
223
225
226
227
230
232
234
235
237
238
240
242
245
245
244
244
244
246
248
248
245
242
241
243
245
246
246
243
240
237
230
208
173
147
145
149
151
162
179
190
200
214
220
218
205
178
143
120
111
100
84
65
50
39
30
40
63
82
99
121
144
156
161
164
168
169
161
147
135
131
135
145
156
163
168
172
169
154
137
136
153
173
190
209
224
228
230
230
230
226
219
208
200
188
169
144
121
109
103
100
101
104
107
109
116
124
121
112
106
102
101
102
109
121
140
156
163
161
159
163
164
163
164
166
173
190
202
200
189
190
207
221
225
225
218
198
171
154
150
151
154
156
159
163
166
171
181
192
202
205
203
196
195
204
217
223
224
221
213
203
198
199
199
192
177
151
133
136
149
155
160
166
172
185
202
213
216
218
222
225
228
231
232
231
230
228
230
228
225
218
204
192
193
201
203
196
172
143
126
118
116
126
139
144
151
170
190
206
217
221
222
222
222
223
223
222
222
219
216
216
218
215
206
202
204
204
205
209
214
217
217
215
213
214
214
213
210
201
172
114
46
3
-10
-3
18
50
86
116
139
153
154
145
125
99
72
50
38
31
29
33
54
78
97
115
127
133
135
137
136
134
134
133
129
128
134
139
140
143
151
159
154
132
93
51
20
-8
-32
-48
-58
-67
-84
-112
-137
-144
-139
-134
-122
-94
-48
-6
23
43
57
67
69
68
73
83
100
115